[Variables]
blobifier = {'current_blobs': 0, 'last_shake': 0}
mmu__revision = 214
mmu_calibration_bowden_home = 'encoder'
mmu_calibration_bowden_lengths = [982.7179487179487, 982.7179487179487, 982.7179487179487, 982.7179487179487, 982.7179487179487, 982.7179487179487, 982.7179487179487, 982.7179487179487]
mmu_calibration_clog_length = 21.57743589743588
mmu_encoder_resolution = 1.089424
mmu_gear_rotation_distances = [22.959004, 22.959004, 22.729414, 22.959004, 23.188594, 22.729414, 23.188594, 22.959004]
mmu_selector_bypass = 173.68
mmu_selector_offsets = [1.6, 25.5, 48.5, 71.6, 94.7, 117.8, 140.8, 163.9]
mmu_state_filament_pos = 0
mmu_state_gate_selected = 0
mmu_state_gate_status = [-1, -1, -1, -1, -1, -1, -1, 1]
mmu_state_tool_selected = 0
mmu_state_tool_to_gate_map = [0, 1, 2, 3, 4, 5, 6, 7]
mmu_statistics_counters = {'servo_down': {'count': 49, 'limit': -1, 'warning': ''}, 'mmu_restarts': {'count': 19, 'limit': -1, 'warning': ''}}

